Iter     Tiempo(s)
0001       0.009354
0002       0.014302
0003       0.014339
0004       0.015504
0005       0.016709
0006       0.014083
0007       0.015376
0008       0.014553
0009       0.015891
0010       0.015529
0011       0.016775
0012       0.012515
0013       0.011757
0014       0.010291
0015       0.014618
0016       0.012954
0017       0.014816
0018       0.015060
0019       0.013494
0020       0.014544
0021       0.016897
0022       0.014217
0023       0.015282
0024       0.015022
0025       0.017065
0026       0.015753
0027       0.013746
0028       0.014636
0029       0.015288
0030       0.015276
0031       0.017879
0032       0.016968
0033       0.016670
0034       0.015416
0035       0.015649
0036       0.016948
0037       0.011771
0038       0.015739
0039       0.015655
0040       0.015247
0041       0.015442
0042       0.016864
0043       0.011435
0044       0.017048
0045       0.016867
0046       0.016632
0047       0.012216
0048       0.015593
0049       0.014052
0050       0.014971
0051       0.014600
0052       0.012100
0053       0.014821
0054       0.014560
0055       0.014273
0056       0.014620
0057       0.013853
0058       0.013905
0059       0.013833
0060       0.013848
0061       0.014165
0062       0.014376
0063       0.013252
0064       0.014346
0065       0.014217
0066       0.013360
0067       0.014615
0068       0.014458
0069       0.014585
0070       0.012827
0071       0.014596
0072       0.014140
0073       0.012556
0074       0.013685
0075       0.016786
0076       0.016073
0077       0.016817
0078       0.014186
0079       0.014960
0080       0.014511
0081       0.014787
0082       0.014201
0083       0.014341
0084       0.014459
0085       0.015247
0086       0.014666
0087       0.014404
0088       0.011700
0089       0.015479
0090       0.016678
0091       0.015091
0092       0.013125
0093       0.014756
0094       0.014711
0095       0.015012
0096       0.014714
0097       0.016540
0098       0.011093
0099       0.015416
0100       0.013393
0101       0.015388
0102       0.014263
0103       0.012231
0104       0.014157
0105       0.012702
0106       0.014594
0107       0.014725
0108       0.014632
0109       0.014280
0110       0.014137
0111       0.013312
0112       0.014201
0113       0.014009
0114       0.014421
0115       0.014684
0116       0.015177
0117       0.015169
0118       0.015040
0119       0.016355
0120       0.014337
0121       0.015713
0122       0.016508
0123       0.016859
0124       0.014370
0125       0.017743
0126       0.015245
0127       0.016209
0128       0.015189
0129       0.013336
0130       0.014821
0131       0.014891
0132       0.014824
0133       0.009882
0134       0.014514
0135       0.013283
0136       0.014759
0137       0.015395
0138       0.015238
0139       0.014796
0140       0.015289
0141       0.015202
0142       0.016594
0143       0.016872
0144       0.014556
0145       0.014252
0146       0.014675
0147       0.012488
0148       0.014132
0149       0.015101
0150       0.014661
0151       0.012743
0152       0.012558
0153       0.013303
0154       0.012972
0155       0.014636
0156       0.013360
0157       0.012544
0158       0.013949
0159       0.014177
0160       0.014369
0161       0.014592
0162       0.013757
0163       0.011097
0164       0.013988
0165       0.014552
0166       0.013861
0167       0.012612
0168       0.013945
0169       0.011617
0170       0.015520
0171       0.014326
0172       0.014954
0173       0.014384
0174       0.014568
0175       0.015114
0176       0.014927
0177       0.015061
0178       0.015626
0179       0.014828
0180       0.014979
0181       0.014665
0182       0.013027
0183       0.016690
0184       0.014174
0185       0.015139
0186       0.014281
0187       0.015214
0188       0.014312
0189       0.014904
0190       0.013861
0191       0.016463
0192       0.014671
0193       0.013798
0194       0.015678
0195       0.014573
0196       0.013898
0197       0.014622
0198       0.015172
0199       0.016310
0200       0.014244
0201       0.014484
0202       0.014834
0203       0.014935
0204       0.016586
0205       0.015235
0206       0.013051
0207       0.014899
0208       0.014059
0209       0.011128
0210       0.015015
0211       0.014904
0212       0.014998
0213       0.014833
0214       0.013359
0215       0.017771
0216       0.015022
0217       0.014896
0218       0.013489
0219       0.011516
0220       0.014327
0221       0.013655
0222       0.013316
0223       0.012062
0224       0.014874
0225       0.013801
0226       0.012734
0227       0.012410
0228       0.013948
0229       0.014619
0230       0.014361
0231       0.012943
0232       0.012736
0233       0.013291
0234       0.013032
0235       0.012918
0236       0.013624
0237       0.013056
0238       0.012996
0239       0.012240
0240       0.014156
0241       0.013049
0242       0.014583
0243       0.015163
0244       0.013767
0245       0.013795
0246       0.012728
0247       0.012613
0248       0.012736
0249       0.012987
0250       0.015022
0251       0.012478
0252       0.014403
0253       0.010521
0254       0.012788
0255       0.012984
0256       0.014416
0257       0.013082
0258       0.013392
0259       0.013093
0260       0.013539
0261       0.014194
0262       0.013350
0263       0.013369
0264       0.014294
0265       0.013910
0266       0.013638
0267       0.011399
0268       0.007827
0269       0.013313
0270       0.014945
0271       0.012852
0272       0.014854
0273       0.014416
0274       0.013005
0275       0.013774
0276       0.012925
0277       0.013095
0278       0.014820
0279       0.013299
0280       0.013557
0281       0.014329
0282       0.013354
0283       0.011341
0284       0.012846
0285       0.015037
0286       0.012929
0287       0.015083
0288       0.016141
0289       0.014538
0290       0.012448
0291       0.014086
0292       0.012191
0293       0.012683
0294       0.014450
0295       0.016770
0296       0.016376
0297       0.016782
0298       0.016457
0299       0.016756
0300       0.011064
0301       0.014768
0302       0.016562
0303       0.014717
0304       0.015376
0305       0.016452
0306       0.015726
0307       0.013879
0308       0.014298
0309       0.014185
0310       0.014439
0311       0.015640
0312       0.015206
0313       0.010692
0314       0.013914
0315       0.014591
0316       0.014320
0317       0.014139
0318       0.014775
0319       0.014624
0320       0.014767
0321       0.015784
0322       0.013954
0323       0.015356
0324       0.014101
0325       0.014172
0326       0.014402
0327       0.015099
0328       0.015011
0329       0.015624
0330       0.015022
0331       0.016728
0332       0.013679
0333       0.017744
0334       0.012327
0335       0.014754
0336       0.015013
0337       0.015646
0338       0.016536
0339       0.014738
0340       0.016700
0341       0.013754
0342       0.016607
0343       0.010342
0344       0.014043
0345       0.015583
0346       0.016185
0347       0.015027
0348       0.016847
0349       0.014140
0350       0.014242
0351       0.014401
0352       0.016735
0353       0.014427
0354       0.017047
0355       0.015319
0356       0.015616
0357       0.016308
0358       0.017700
0359       0.015364
0360       0.016489
0361       0.012599
0362       0.015411
0363       0.015050
0364       0.016512
0365       0.015705
0366       0.013993
0367       0.014282
0368       0.014155
0369       0.014725
0370       0.013695
0371       0.015089
0372       0.015189
0373       0.010458
0374       0.011919
0375       0.014465
0376       0.014807
0377       0.013789
0378       0.014593
0379       0.014638
0380       0.013758
0381       0.014223
0382       0.014707
0383       0.014217
0384       0.013786
0385       0.014490
0386       0.012275
0387       0.013891
0388       0.014101
0389       0.014375
0390       0.013670
0391       0.013961
0392       0.014081
0393       0.014380
0394       0.014524
0395       0.012960
0396       0.014096
0397       0.014333
0398       0.013738
0399       0.014926
0400       0.014625
0401       0.013014
0402       0.013262
0403       0.014736
0404       0.014638
0405       0.014393
0406       0.014312
0407       0.015209
0408       0.014725
0409       0.014697
0410       0.014334
0411       0.014907
0412       0.014781
0413       0.014195
0414       0.014288
0415       0.013636
0416       0.014716
0417       0.014207
0418       0.012855
0419       0.014155
0420       0.015973
0421       0.015228
0422       0.014415
0423       0.011373
0424       0.013716
0425       0.012839
0426       0.014212
0427       0.014225
0428       0.013621
0429       0.014138
0430       0.014129
0431       0.015155
0432       0.014632
0433       0.010395
0434       0.013884
0435       0.012351
0436       0.014326
0437       0.014500
0438       0.012753
0439       0.016382
0440       0.015246
0441       0.014471
0442       0.014297
0443       0.014890
0444       0.013405
0445       0.012681
0446       0.014519
0447       0.014059
0448       0.014454
0449       0.014589
0450       0.016519
0451       0.016901
0452       0.013690
0453       0.013698
0454       0.016516
0455       0.014383
0456       0.014540
0457       0.014544
0458       0.013042
0459       0.013919
0460       0.017593
0461       0.015089
0462       0.015377
0463       0.012413
0464       0.013302
0465       0.014489
0466       0.015181
0467       0.014047
0468       0.014530
0469       0.015156
0470       0.015169
0471       0.014099
0472       0.014139
0473       0.013183
0474       0.014422
0475       0.013314
0476       0.015846
0477       0.014085
0478       0.014450
0479       0.015680
0480       0.015687
0481       0.016750
0482       0.014955
0483       0.014092
0484       0.014214
0485       0.012737
0486       0.014595
0487       0.014474
0488       0.014120
0489       0.013332
0490       0.014121
0491       0.014413
0492       0.014889
0493       0.010437
0494       0.013664
0495       0.013575
0496       0.014312
0497       0.015232
0498       0.013563
0499       0.016817
0500       0.014991
0501       0.012543
0502       0.014457
0503       0.014185
0504       0.012739
0505       0.013957
0506       0.014764
0507       0.014552
0508       0.012808
0509       0.013686
0510       0.014380
0511       0.014538
0512       0.014181
0513       0.012386
0514       0.015164
0515       0.013255
0516       0.014163
0517       0.014530
0518       0.013584
0519       0.014100
0520       0.012393
0521       0.014811
0522       0.014867
0523       0.010002
0524       0.013225
0525       0.014475
0526       0.013061
0527       0.012973
0528       0.014298
0529       0.012231
0530       0.012612
0531       0.014122
0532       0.014240
0533       0.012440
0534       0.013278
0535       0.014117
0536       0.014679
0537       0.014958
0538       0.014761
0539       0.014822
0540       0.012685
0541       0.012981
0542       0.014876
0543       0.012151
0544       0.014153
0545       0.012675
0546       0.017647
0547       0.013244
0548       0.012475
0549       0.013035
0550       0.013696
0551       0.012743
0552       0.014881
0553       0.011915
0554       0.014806
0555       0.014578
0556       0.014575
0557       0.014762
0558       0.012341
0559       0.015189
0560       0.014740
0561       0.014485
0562       0.013427
0563       0.013884
0564       0.014144
0565       0.008877
0566       0.014137
0567       0.013662
0568       0.012355
0569       0.014862
0570       0.017334
0571       0.012933
0572       0.014611
0573       0.013053
0574       0.011702
0575       0.013191
0576       0.012674
0577       0.014327
0578       0.015401
0579       0.014316
0580       0.014117
0581       0.014147
0582       0.012855
0583       0.011265
0584       0.014185
0585       0.012672
0586       0.012364
0587       0.013303
0588       0.012421
0589       0.013833
0590       0.012918
0591       0.015414
0592       0.014481
0593       0.012678
0594       0.014238
0595       0.013660
0596       0.013176
0597       0.012905
0598       0.013547
0599       0.014050
0600       0.014617
0601       0.014089
0602       0.014555
0603       0.013438
0604       0.015191
0605       0.013045
0606       0.013372
0607       0.009635
0608       0.013189
0609       0.014723
0610       0.014107
0611       0.014107
0612       0.014070
0613       0.011014
0614       0.014209
0615       0.014170
0616       0.014472
0617       0.014003
0618       0.013114
0619       0.015004
0620       0.014589
0621       0.014187
0622       0.012653
0623       0.012206
0624       0.013051
0625       0.014074
0626       0.013236
0627       0.014720
0628       0.014259
0629       0.014468
0630       0.014670
0631       0.016371
0632       0.013924
0633       0.013721
0634       0.013256
0635       0.014148
0636       0.013333
0637       0.012463
0638       0.015072
0639       0.016771
0640       0.016072
0641       0.016612
0642       0.015204
0643       0.010994
0644       0.014077
0645       0.013856
0646       0.014853
0647       0.015140
0648       0.015214
0649       0.014251
0650       0.014371
0651       0.015408
0652       0.014560
0653       0.015605
0654       0.014659
0655       0.014927
0656       0.012849
0657       0.013877
0658       0.014300
0659       0.014120
0660       0.013502
0661       0.014076
0662       0.012948
0663       0.014124
0664       0.014891
0665       0.013644
0666       0.013802
0667       0.014096
0668       0.013880
0669       0.014413
0670       0.012893
0671       0.014231
0672       0.014137
0673       0.010686
0674       0.014564
0675       0.013794
0676       0.013960
0677       0.012904
0678       0.013577
0679       0.014934
0680       0.013600
0681       0.016086
0682       0.012473
0683       0.015206
0684       0.014306
0685       0.015622
0686       0.014463
0687       0.016612
0688       0.011923
0689       0.014882
0690       0.013318
0691       0.015511
0692       0.014698
0693       0.015533
0694       0.014025
0695       0.012408
0696       0.016665
0697       0.017362
0698       0.013954
0699       0.014963
0700       0.015889
0701       0.014582
0702       0.014618
0703       0.012260
0704       0.014599
0705       0.013519
0706       0.014114
0707       0.014176
0708       0.014550
0709       0.014582
0710       0.014552
0711       0.014188
0712       0.014124
0713       0.014657
0714       0.015017
0715       0.014209
0716       0.015388
0717       0.014171
0718       0.013705
0719       0.016316
0720       0.014776
0721       0.014555
0722       0.015544
0723       0.014999
0724       0.014767
0725       0.014590
0726       0.015594
0727       0.008793
0728       0.010557
0729       0.014440
0730       0.014311
0731       0.015637
0732       0.015435
0733       0.010623
0734       0.015440
0735       0.015518
0736       0.014479
0737       0.014685
0738       0.015188
0739       0.014664
0740       0.013123
0741       0.014668
0742       0.014473
0743       0.014224
0744       0.014621
0745       0.013885
0746       0.013663
0747       0.015167
0748       0.014647
0749       0.014076
0750       0.012159
0751       0.014288
0752       0.015477
0753       0.014125
0754       0.013141
0755       0.014477
0756       0.013951
0757       0.012879
0758       0.015116
0759       0.014719
0760       0.014152
0761       0.013516
0762       0.014487
0763       0.010342
0764       0.011920
0765       0.013742
0766       0.014858
0767       0.014251
0768       0.013463
0769       0.015643
0770       0.011174
0771       0.014299
0772       0.016353
0773       0.015151
0774       0.013545
0775       0.012837
0776       0.014112
0777       0.014069
0778       0.014171
0779       0.012043
0780       0.014497
0781       0.016020
0782       0.014312
0783       0.015455
0784       0.015865
0785       0.014908
0786       0.011864
0787       0.015409
0788       0.016742
0789       0.012505
0790       0.013342
0791       0.015443
0792       0.016874
0793       0.010954
0794       0.017189
0795       0.014179
0796       0.013953
0797       0.014536
0798       0.014795
0799       0.013616
0800       0.013246
0801       0.015818
0802       0.014745
0803       0.014535
0804       0.014536
0805       0.015763
0806       0.015521
0807       0.015505
0808       0.014071
0809       0.009602
0810       0.012080
0811       0.012243
0812       0.014162
0813       0.012424
0814       0.013239
0815       0.012385
0816       0.014748
0817       0.015117
0818       0.013408
0819       0.013066
0820       0.015579
0821       0.014550
0822       0.015207
0823       0.011576
0824       0.015790
0825       0.013508
0826       0.016567
0827       0.013559
0828       0.016498
0829       0.011906
0830       0.014987
0831       0.013980
0832       0.015638
0833       0.015423
0834       0.015394
0835       0.014240
0836       0.015169
0837       0.015181
0838       0.014114
0839       0.012660
0840       0.014087
0841       0.013455
0842       0.015758
0843       0.013992
0844       0.014089
0845       0.013103
0846       0.015490
0847       0.014858
0848       0.014163
0849       0.012655
0850       0.013851
0851       0.015757
0852       0.014600
0853       0.011468
0854       0.016379
0855       0.017415
0856       0.014386
0857       0.015727
0858       0.016528
0859       0.017434
0860       0.014568
0861       0.015723
0862       0.017660
0863       0.011521
0864       0.013658
0865       0.015735
0866       0.016285
0867       0.015171
0868       0.008735
0869       0.012540
0870       0.015301
0871       0.017668
0872       0.014942
0873       0.015229
0874       0.016751
0875       0.017676
0876       0.013170
0877       0.017671
0878       0.013366
0879       0.017644
0880       0.014595
0881       0.017626
0882       0.013835
0883       0.013111
0884       0.018147
0885       0.015749
0886       0.017678
0887       0.017428
0888       0.013322
0889       0.017456
0890       0.015730
0891       0.017437
0892       0.016930
0893       0.012682
0894       0.016644
0895       0.016809
0896       0.017396
0897       0.014522
0898       0.015781
0899       0.016458
0900       0.015322
0901       0.014574
0902       0.017411
0903       0.015458
0904       0.015140
0905       0.016270
0906       0.014364
0907       0.017721
0908       0.014573
0909       0.014132
0910       0.012618
0911       0.016413
0912       0.017726
0913       0.010084
0914       0.014038
0915       0.012925
0916       0.014137
0917       0.014705
0918       0.012548
0919       0.014407
0920       0.015742
0921       0.014621
0922       0.015361
0923       0.015018
0924       0.015049
0925       0.014726
0926       0.016083
0927       0.014969
0928       0.015238
0929       0.014630
0930       0.015202
0931       0.015260
0932       0.015392
0933       0.014999
0934       0.014595
0935       0.014822
0936       0.014817
0937       0.016261
0938       0.017580
0939       0.016823
0940       0.015759
0941       0.018404
0942       0.015848
0943       0.012113
0944       0.013127
0945       0.014589
0946       0.011891
0947       0.015224
0948       0.015094
0949       0.015386
0950       0.015419
0951       0.014438
0952       0.015764
0953       0.011348
0954       0.015094
0955       0.014767
0956       0.015072
0957       0.016322
0958       0.014606
0959       0.013522
0960       0.014200
0961       0.015510
0962       0.015333
0963       0.013797
0964       0.014406
0965       0.016633
0966       0.012052
0967       0.016662
0968       0.011255
0969       0.014926
0970       0.015254
0971       0.015586
0972       0.015114
0973       0.011048
0974       0.014811
0975       0.014979
0976       0.017110
0977       0.015133
0978       0.014336
0979       0.014368
0980       0.015722
0981       0.015389
0982       0.015333
0983       0.013983
0984       0.014746
0985       0.014412
0986       0.016821
0987       0.017088
0988       0.015097
0989       0.014600
0990       0.016505
0991       0.015629
0992       0.015626
0993       0.015032
0994       0.017438
0995       0.015733
0996       0.017404
0997       0.017695
0998       0.016281
0999       0.014036
1000       0.017445
1001       0.015456
